t,x,y,p
0,675,235,1
1,410,255,0
6,180,209,0
11,296,303,0
14,595,429,0
36,658,44,0
55,530,332,0
56,316,127,1
67,293,323,0
70,174,212,0
71,621,392,0
74,683,237,1
84,358,260,0
93,614,449,0
100,401,61,0
111,958,339,0
142,1184,425,0
152,590,404,0
152,292,310,0
158,397,244,1
158,179,212,0
160,289,314,0
163,279,329,1
166,448,334,0
167,284,299,1
175,300,335,0
178,174,210,0
180,681,253,1
187,613,449,0
189,685,239,1
199,176,215,0
210,293,321,0
211,614,442,0
217,181,215,0
223,181,209,0
223,287,296,1
224,679,231,1
242,679,248,1
242,681,252,1
244,177,216,0
250,680,231,1
255,287,307,1
258,615,433,0
259,619,442,0
275,1086,132,0
298,627,453,1
307,179,208,0
308,677,257,1
314,626,445,0
318,316,128,1
320,657,0,1
329,285,296,1
340,598,399,0
351,679,256,1
353,1278,332,0
372,680,255,1
380,676,257,1
383,407,243,0
392,677,258,1
409,506,296,1
411,398,243,1
412,678,258,1
415,678,257,1
429,497,200,0
436,679,258,1
437,682,245,1
439,629,391,0
443,679,257,1
444,285,301,1
445,680,258,1
454,180,211,0
457,581,149,0
462,682,255,1
470,615,448,0
481,513,317,1
490,618,406,0
503,317,121,0
504,280,311,1
509,179,210,0
518,282,305,1
520,676,254,1
530,316,129,1
539,611,407,1
540,552,293,0
541,288,324,0
542,595,390,0
563,515,291,0
571,676,253,1
586,625,382,0
587,292,293,0
590,279,308,1
591,324,124,0
598,299,323,1
600,676,256,1
602,676,251,1
602,682,233,1
610,676,255,1
612,175,213,0
629,298,305,0
632,625,383,0
635,368,255,0
641,590,406,0
653,676,250,1
655,677,253,1
685,675,255,1
687,593,412,0
693,285,304,1
694,290,315,0
720,592,408,0
732,517,306,1
739,316,130,1
744,624,440,0
755,297,303,0
763,611,452,0
784,291,306,0
786,289,321,0
804,317,123,0
816,181,210,1
818,612,405,1
855,548,166,0
856,631,428,1
867,814,255,0
867,302,302,0
891,858,586,0
895,627,445,0
901,682,254,1
907,790,632,0
933,445,421,0
936,177,209,0
937,295,327,1
944,316,131,1
949,389,288,0
960,622,416,1
968,395,258,0
976,1055,313,0
985,614,457,1
997,623,452,0
1012,181,214,0
1018,404,261,0
1023,317,122,0
1042,631,410,0
1048,622,451,0
1052,1278,330,0
1069,284,328,1
1069,508,321,0
1073,594,383,0
1105,322,85,0
1118,195,237,1
1128,656,533,0
1130,294,327,0
1152,613,400,1
1159,285,307,0
1182,1183,426,0
1195,316,132,1
1203,289,315,0
1242,291,493,0
1249,680,252,1
1253,411,249,0
1253,515,317,1
1260,406,243,0
1262,177,215,0
1267,290,312,0
1270,680,251,1
1279,681,255,1
1284,675,251,1
1303,290,313,0
1307,614,447,0
1308,123,515,0
1312,1049,432,0
1316,623,450,0
1329,318,118,0
1332,631,425,1
1335,1184,426,0
1336,675,245,0
1345,1253,173,0
1374,114,225,1
1388,401,61,0
1394,601,380,0
1396,294,323,0
1406,590,409,0
1408,175,208,0
1419,317,124,0
1420,589,438,1
1427,594,416,0
1434,621,451,0
1444,286,319,1
1466,679,254,0
1478,1123,209,0
1495,610,447,0
1495,316,133,1
1508,288,323,0
1551,673,236,0
1557,315,133,1
1561,24,7,0
1565,679,248,0
1569,678,233,0
1589,280,310,1
1592,181,215,1
1598,675,235,0
1602,876,565,0
1608,408,244,0
1624,677,254,0
1628,287,308,1
1635,407,244,0
1680,593,411,0
1682,280,315,0
1690,676,258,0
1692,758,167,0
1698,608,445,0
1706,612,404,1
1710,591,406,0
1711,628,397,0
1714,315,134,1
1716,530,332,0
1719,182,209,0
1751,683,246,0
1755,953,502,0
1755,764,630,0
1758,177,213,0
1762,679,234,0
1764,172,249,0
1768,681,234,0
1770,286,329,0
1778,516,311,1
1788,674,246,0
1791,1191,157,0
1795,679,256,0
1796,659,703,0
1808,611,415,1
1811,282,301,1
1815,178,237,1
1816,298,317,1
1825,678,236,0
1826,770,691,0
1840,684,176,0
1841,677,240,0
1847,681,245,0
1858,958,339,0
1868,290,323,1
1868,410,254,0
1870,316,134,1
1871,616,427,0
1872,682,235,0
1878,679,235,0
1880,315,135,1
1883,681,248,0
1886,360,256,1
1893,448,334,0
1895,683,236,0
1899,680,255,0
1900,384,243,0
1949,324,124,0
1961,638,403,1
1972,287,295,1
1975,633,419,1
1977,277,314,1
2001,296,302,0
2002,296,301,0
2004,497,200,0
2010,677,236,0
2018,622,384,0
2028,1233,309,0
2035,385,245,0
2043,621,452,0
2043,634,416,1
2050,277,315,1
2056,677,232,0
2057,682,234,0
2066,676,236,0
2075,682,245,0
2076,299,329,0
2083,359,259,0
2088,592,415,0
2091,626,382,0
2110,677,257,0
2115,297,320,1
2119,315,136,1
2134,683,237,0
2140,616,438,0
2143,359,253,1
2145,678,258,0
2150,677,252,0
2162,676,257,0
2164,678,257,0
2171,289,320,0
2188,298,321,1
2189,615,456,1
2203,676,251,0
2211,296,310,0
2219,606,383,1
2221,291,326,1
2226,593,417,0
2227,677,250,0
2228,628,459,1
2230,680,236,0
2233,1055,313,0
2237,612,445,1
2244,286,321,1
2247,676,241,0
2270,677,251,0
2277,316,127,0
2282,280,312,1
2287,294,322,0
2289,681,253,0
2292,676,250,0
2301,318,119,0
2314,315,137,1
2334,389,288,0
2351,858,586,0
2369,246,192,0
2374,286,331,0
2378,679,253,0
2379,681,252,0
2381,676,255,0
2386,177,227,0
2391,676,256,0
2395,613,439,0
2398,291,303,0
2416,678,253,0
2419,291,312,0
2427,288,297,0
2459,594,411,0
2462,628,446,0
2462,790,632,0
2475,443,409,0
2475,291,298,1
2477,177,244,0
2477,597,384,0
2490,316,128,0
2490,174,212,0
2508,609,415,1
2511,612,400,1
2511,681,257,0
2519,834,393,0
2546,620,460,1
2550,623,449,0
2572,679,257,0
2583,592,402,0
2591,675,257,0
2592,591,407,0
2596,678,233,1
2602,315,138,1
2634,658,44,0
2634,611,457,0
2638,281,307,1
2659,286,316,1
2663,410,256,0
2668,306,515,0
2671,615,428,0
2678,612,399,1
2692,401,61,0
2698,292,308,0
2724,593,400,0
2724,386,245,0
2739,613,398,1
2740,293,310,0
2767,293,327,0
2779,615,454,1
2780,175,226,1
2781,1278,334,0
2784,508,312,0
2789,396,257,0
2801,315,139,1
2803,679,235,1
2809,636,411,1
2816,295,300,0
2833,299,327,0
2833,299,325,1
2846,682,253,0
2848,177,208,0
2862,608,434,1
2867,675,245,1
2870,293,309,0
2879,677,258,0
2881,682,255,0
2883,878,197,1
2884,623,446,1
2884,593,391,0
2902,634,419,1
2906,631,423,1
2909,592,416,0
2911,679,231,0
2911,292,313,1
2931,316,129,0
2932,595,388,0
2953,291,294,0
2970,63,175,0
2973,595,398,0
2980,590,403,0
2982,599,402,0
2985,292,301,0
3008,610,416,1
3019,290,319,0
3025,677,253,0
3028,317,125,0
3030,675,235,1
3065,296,331,1
3072,315,140,1
3096,594,390,0
3117,175,213,1
3134,608,441,1
3138,675,256,0
3159,597,348,0
3163,508,322,0
3170,356,258,0
3176,685,239,1
3186,617,426,0
3191,175,244,1
3197,618,405,0
3208,1049,432,0
3218,299,335,0
3223,359,254,1
3225,679,254,0
3226,592,400,0
3238,675,255,0
3247,123,515,0
3248,445,421,0
3256,592,405,0
3257,496,402,0
3261,680,231,1
3283,615,439,0
3302,679,248,1
3303,612,403,1
3316,324,124,0
3333,316,130,0
3337,314,141,1
3340,177,210,1
3354,291,493,0
3369,616,413,0
3369,509,317,0
3376,610,413,1
3377,530,332,0
3387,611,450,0
3389,678,250,1
3404,609,418,1
3405,590,408,0
3422,408,264,1
3429,300,329,1
3431,593,398,0
3434,678,254,0
3440,315,141,1
3442,294,328,0
3443,600,426,0
3444,285,298,1
3454,117,147,0
3455,288,308,1
3460,283,303,1
3470,507,323,1
3476,684,176,0
3481,410,252,0
3506,293,292,0
3507,612,446,1
3512,314,142,1
3514,181,210,1
3517,519,298,0
3519,599,380,0
3523,297,333,1
3529,682,233,1
3535,607,385,1
3537,593,408,0
3538,594,400,0
3544,316,132,0
3545,679,253,1
3551,678,253,1
3559,611,449,0
3563,1055,313,0
3573,497,200,0
3585,817,286,0
3594,181,211,1
3599,287,329,0
3609,179,212,1
3611,598,382,0
3612,273,340,1
3614,607,391,1
3618,448,334,0
3639,369,254,0
3640,180,236,0
3654,295,306,0
3659,633,418,1
3662,316,131,0
3683,607,435,1
3690,361,250,1
3691,315,135,0
3698,594,398,0
3702,281,300,1
3711,286,318,1
3747,182,210,1
3748,179,214,1
3753,290,324,1
3754,294,308,1
3754,706,137,0
3758,389,288,0
3761,681,253,1
3765,314,143,1
3770,684,715,0
3774,181,209,1
3779,296,309,0
3816,681,252,1
3824,953,502,0
3832,858,586,0
3835,892,567,0
3837,610,449,0
3847,286,326,0
3854,179,213,1
3860,289,319,0
3864,659,703,0
3881,278,314,1
3901,606,438,1
3907,280,316,0
3920,24,7,0
3923,594,412,0
3932,595,412,0
3938,758,167,0
3940,1123,209,0
3943,677,257,1
3950,314,144,1
3951,359,258,0
3956,289,334,0
3961,679,258,1
3962,679,256,1
3963,676,257,1
3969,401,61,0
3971,608,433,1
3973,293,325,0
3974,289,322,0
3976,174,211,1
3977,680,255,1
3982,315,136,0
3985,677,258,1
3991,678,258,1
4004,678,257,1
4006,676,250,0
4010,790,632,0
4010,292,311,0
4013,606,437,1
4023,174,210,1
4023,315,137,0
4040,285,303,1
4046,676,258,1
4049,284,298,1
4049,682,255,1
4050,288,293,1
4057,290,317,0
4072,764,630,0
4084,315,134,0
4105,316,134,0
4108,612,396,1
4116,283,302,1
4130,177,209,1
4141,315,139,0
4145,676,254,1
4152,581,149,0
4155,676,253,1
4155,298,336,0
4157,1086,132,0
4164,677,254,1
4165,677,252,1
4168,410,253,0
4176,618,408,0
4182,616,449,0
4198,1089,693,0
4200,287,327,0
4200,397,245,1
4202,282,306,1
4203,676,255,1
4214,676,251,1
4215,676,256,1
4219,605,391,1
4223,314,145,1
4238,676,236,0
4243,618,451,1
4249,285,308,0
4252,612,419,1
4260,1192,431,1
4264,678,233,0
4273,683,237,0
4277,675,245,0
4297,595,387,0
4311,590,405,0
4314,509,323,0
4321,179,210,1
4333,406,247,0
4342,181,215,1
4344,316,133,0
4360,673,236,0
4374,614,459,1
4389,370,245,0
4414,181,214,1
4419,811,585,0
4427,360,253,1
4429,176,215,1
4431,314,146,1
4432,611,453,0
4437,180,211,1
4444,508,320,0
4447,180,209,1
4449,613,443,0
4459,632,420,1
4471,412,253,0
4488,315,140,0
4491,682,245,0
4502,292,314,1
4503,680,252,1
4503,682,254,1
4522,177,216,1
4537,176,213,1
4540,293,296,0
4549,294,329,0
4561,179,209,1
4567,358,259,0
4569,626,445,0
4575,177,215,1
4586,290,316,0
4611,181,213,1
4625,615,434,0
4625,621,423,1
4628,361,252,1
4630,596,426,0
4630,675,235,0
4640,302,304,0
4647,681,234,0
4666,324,124,0
4671,594,394,0
4685,679,248,0
4695,175,234,1
4700,622,393,0
4703,614,448,0
4704,683,246,0
4705,314,147,1
4707,681,245,0
4709,679,234,0
4725,594,392,0
4740,275,183,0
4742,621,384,0
4748,117,147,0
4756,361,251,1
4769,363,261,0
4791,674,246,0
4799,1055,313,0
4815,179,208,1
4822,297,330,1
4839,613,450,0
4848,679,235,0
4860,682,235,0
4862,678,236,0
4863,509,299,0
4865,680,236,0
4866,612,398,1
4868,1172,384,0
4884,624,399,0
4886,675,251,1
4889,681,248,0
4894,290,314,0
4897,595,382,0
4899,623,166,0
4904,681,255,1
4910,622,416,0
4913,683,236,0
4915,677,240,0
4922,680,251,1
4928,314,148,1
4937,509,319,0
4941,594,387,0
4943,677,251,1
4962,290,318,0
4966,552,293,0
4977,286,301,1
4985,473,586,0
4993,182,209,1
4993,313,148,1
5001,597,406,0
5002,1051,460,0
5016,633,389,1
5027,682,234,0
5043,287,290,1
5045,530,332,0
5052,386,242,0
5054,677,232,0
5064,293,301,0
5074,817,286,0
5075,314,143,0
5088,175,208,1
5107,410,257,0
5109,623,445,1
5109,282,322,0
5119,626,444,0
5123,389,288,0
5130,622,390,0
5134,679,254,0
5143,497,200,0
5150,676,241,0
5173,630,431,1
5175,443,409,0
5181,931,283,0
5181,123,515,0
5205,383,243,0
5206,175,209,1
5220,313,149,1
5222,393,261,1
5231,595,399,0
5232,66,72,1
5232,401,61,0
5243,658,44,0
5249,282,304,1
5263,177,213,1
5282,411,253,0
5287,314,142,0
5287,360,251,1
5288,858,586,0
5292,618,411,0
5299,361,256,1
5305,620,397,0
5309,294,321,0
5331,594,399,0
5333,960,236,0
5358,572,334,0
5365,286,325,0
5366,622,447,1
5383,313,150,1
5389,315,138,0
5397,593,416,0
5397,290,313,0
5402,679,256,0
5418,595,383,0
5420,614,398,1
5443,291,311,0
5447,179,243,1
5455,1191,432,1
5458,291,493,0
5482,676,236,1
5496,608,421,1
5503,680,255,0
5511,593,401,0
5525,607,434,1
5531,609,417,1
5544,360,252,1
5545,445,421,0
5547,622,392,0
5563,679,231,0
5588,790,632,0
5590,293,324,0
5618,627,446,0
5620,313,151,1
5647,676,250,0
5654,618,425,0
5657,593,409,0
5667,299,328,0
5671,177,210,0
5684,174,235,1
5690,181,211,0
5710,607,420,1
5711,406,255,1
5712,853,708,0
5717,678,233,1
5721,295,305,0
5726,594,414,0
5728,181,210,0
5732,676,257,0
5733,677,257,0
5738,174,212,0
5740,601,431,0
5742,290,315,0
5744,678,258,0
5745,299,333,0
5745,678,257,0
5746,679,235,1
5747,632,423,1
5786,394,260,1
5792,181,213,0
5796,677,253,0
5796,508,309,0
5807,282,309,1
5813,174,242,0
5815,591,408,0
5818,676,251,0
5829,279,309,1
5836,638,405,1
5837,174,211,0
5844,313,152,1
5849,592,401,0
5851,298,331,1
5857,622,450,0
5863,284,300,1
5864,675,245,1
5867,593,399,0
5874,294,327,0
5882,177,209,0
5886,179,214,0
5888,179,213,0
5893,182,210,0
5906,632,419,1
5914,180,209,0
5922,286,296,1
5942,299,332,0
5943,117,147,0
5945,681,253,0
5953,659,703,0
5957,953,502,0
5957,298,335,0
5958,288,352,0
5962,679,253,0
5977,289,321,0
5977,683,237,1
5977,676,256,0
5980,512,315,1
5985,678,253,0
5990,676,255,0
5996,630,385,1
6002,324,124,0
6007,876,565,0
6012,675,235,1
6017,681,252,0
6042,406,248,0
6045,293,294,0
6051,297,304,0
6051,1055,313,0
6063,611,456,0
6065,313,153,1
6077,315,141,0
6077,1248,463,0
6082,179,212,0
6086,1027,578,0
6145,177,208,0
6149,615,437,0
6160,176,215,0
6161,174,210,0
6174,181,209,0
6182,758,167,0
6217,685,239,1
6218,679,248,1
6219,680,231,1
6246,597,348,0
6250,179,208,0
6253,24,7,0
6258,298,330,1
6259,281,320,1
6272,682,255,0
6279,618,443,0
6291,296,337,0
6294,1248,257,0
6303,298,318,1
6304,764,630,0
6312,314,144,0
6320,181,215,0
6324,313,154,1
6326,175,230,1
6337,1249,258,0
6337,1123,209,0
6353,514,312,1
6385,682,245,1
6391,614,432,0
6416,596,387,0
6424,287,299,1
6426,681,257,0
6459,589,406,0
6469,359,260,0
6475,179,210,0
6479,675,257,0
6481,286,330,0
6487,817,286,0
6491,615,397,1
6506,682,253,0
6514,401,61,0
6526,291,308,0
6531,592,418,0
6534,408,246,0
6543,175,213,0
6544,621,402,0
6551,295,323,0
6557,637,416,1
6559,624,445,1
6563,389,288,0
6590,180,211,0
6592,407,249,0
6594,677,252,0
6614,682,233,1
6624,677,258,0
6638,313,155,1
6654,276,328,1
6655,530,332,0
6662,593,387,0
6662,678,254,0
6693,552,293,0
6714,283,305,1
6729,281,321,1
6736,497,200,0
6743,675,256,0
6751,610,454,0
6754,678,236,0
6769,858,586,0
6771,581,149,0
6771,615,426,0
6782,181,210,1
6789,297,331,1
6793,289,296,0
6802,676,258,0
6805,295,301,0
6809,291,313,0
6810,679,257,0
6819,634,402,0
6859,594,388,0
6867,632,386,1
6877,284,315,1
6897,1051,460,0
6898,411,252,0
6901,279,312,1
6909,313,156,1
6910,679,254,0
6924,358,258,0
6931,1108,588,0
6934,507,324,1
6940,288,323,0
6948,181,214,0
6964,593,413,0
6966,1190,451,0
6987,677,254,0
6989,313,150,0
6999,1191,431,1
7002,1066,462,0
7004,407,244,0
7033,682,254,0
7061,597,407,0
7062,595,430,0
7067,314,147,0
7102,405,259,0
7104,286,294,1
7104,610,450,0
7107,123,515,0
7116,117,147,0
7127,298,315,1
7129,790,632,0
7132,177,215,0
7147,679,253,1
7147,678,253,1
7153,314,145,0
7160,607,421,1
7161,282,314,0
7168,616,425,0
7172,177,216,0
7208,615,421,0
7219,609,414,1
7226,405,247,0
7246,291,307,0
7247,287,328,0
7250,292,323,1
7256,675,245,0
7276,596,412,0
7279,619,450,1
7282,595,393,0
7284,410,248,0
7291,293,295,0
7296,175,229,1
7299,676,250,0
7302,194,578,0
7312,286,297,1
7316,283,327,1
7321,175,231,1
7323,324,124,0
7336,1055,313,0
7339,313,148,0
7368,615,446,0
7370,174,227,1
7380,312,158,1
7382,609,453,0
7385,175,208,0
7412,681,253,1
7424,314,148,0
7424,406,245,0
7437,285,307,0
7445,678,233,0
7448,679,231,0
7452,179,238,0
7467,589,407,0
7469,593,389,0
7471,182,209,0
7475,629,428,1
7485,410,255,0
7487,673,236,0
7513,601,434,0
7518,594,385,0
7519,508,318,0
7524,676,236,0
7529,603,421,1
7531,677,257,1
7535,174,247,1
7540,679,248,0
7555,590,407,0
7560,181,215,1
7561,312,159,1
7565,679,256,1
7569,680,255,1
7574,291,493,0
7578,173,246,0
7579,676,257,1
7582,876,565,0
7590,614,450,0
7598,406,256,1
7601,675,235,0
7604,677,258,1
7604,1182,431,0
7607,628,390,0
7617,678,257,1
7622,679,258,1
7628,678,258,1
7641,681,234,0
7654,682,255,1
7659,615,418,0
7672,313,151,0
7688,679,234,0
7704,312,160,1
7706,294,330,0
7708,678,250,0
7720,300,307,1
7724,407,243,0
7729,681,245,0
7730,683,246,0
7739,289,316,0
7741,293,323,0
7742,674,246,0
7744,609,413,1
7753,676,254,1
7755,679,235,0
7755,680,236,0
7766,878,197,0
7768,297,305,0
7770,177,213,0
7777,676,256,1
7777,293,293,0
7781,676,253,1
7790,287,310,1
7794,626,446,0
7803,677,240,0
7804,282,308,1
7806,676,255,1
7808,948,497,0
7811,401,61,0
7820,682,235,0
7822,677,253,1
7823,313,152,0
7827,676,251,1
7830,445,421,0
7830,614,449,0
7831,443,409,0
7832,682,234,0
7839,616,431,0
7863,1183,427,0
7879,448,334,0
7884,681,248,0
7887,617,440,0
7892,677,251,1
7892,597,398,0
7898,279,310,1
7902,817,286,0
7913,383,241,0
7918,658,44,0
7923,683,236,0
7927,509,315,0
7931,298,307,0
7932,407,246,0
7934,594,393,0
7949,572,334,0
7950,294,299,0
7956,312,161,1
7956,359,252,1
7962,512,314,1
7966,291,312,0
7969,389,288,0
7978,594,389,0
7983,624,446,1
7983,278,315,1
7983,299,329,0
8000,953,502,0
8000,314,146,0
8008,659,703,0
8023,677,236,0
8023,676,241,0
8026,509,316,0
8026,682,245,0
8038,289,297,0
8039,287,346,0
8040,313,153,0
8042,683,237,0
8047,299,322,1
8077,283,308,1
8082,625,444,0
8105,174,212,0
8113,677,232,0
8128,622,448,1
8146,406,244,0
8171,608,413,1
8175,313,149,0
8188,619,443,0
8189,409,248,0
8199,312,162,1
8200,770,691,0
8224,406,257,1
8226,599,428,0
8254,291,324,1
8262,530,332,0
8264,497,200,0
8270,410,249,0
8271,632,410,0
8272,858,586,0
8284,613,399,1
8301,592,414,0
8303,614,444,0
8319,358,261,0
8321,1187,305,0
8323,603,428,1
8323,117,147,0
8328,280,309,1
8356,299,324,1
8375,285,306,0
8375,591,406,0
8390,408,249,0
8402,410,254,0
8432,284,297,1
8439,680,252,1
8444,292,296,1
8449,312,163,1
8458,289,323,0
8459,612,450,0
8477,681,252,1
8483,552,293,0
8499,675,251,1
8503,680,251,1
8527,681,255,1
8536,408,251,0
8549,1089,693,0
8561,599,399,0
8571,313,155,0
8586,678,233,1
8593,617,451,1
8595,610,417,1
8619,288,294,1
8624,1055,313,0
8626,758,167,0
8627,1049,432,0
8632,676,236,1
8633,1051,460,0
8634,296,309,0
8641,24,7,0
8648,324,124,0
8649,627,447,0
8659,410,250,0
8676,679,235,1
8686,790,632,0
8699,409,247,0
8709,507,312,0
8720,409,251,0
8721,679,254,0
8722,312,164,1
8724,294,328,0
8735,593,385,0
8740,614,455,1
8742,581,149,0
8746,764,630,0
8756,1182,427,0
8787,1041,617,0
8793,1123,209,0
8795,293,307,0
8812,409,250,0
8815,676,258,0
8844,603,429,1
8845,679,257,0
8847,675,245,1
8851,177,208,0
8859,290,317,0
8862,408,250,0
8863,620,451,0
8868,675,235,1
8928,294,326,0
8931,637,405,1
8933,242,462,0
8946,311,165,1
8947,286,299,1
8976,1063,357,0
8984,626,445,0
9001,589,405,0
9013,676,250,0
9018,593,406,0
9041,679,256,0
9043,605,437,1
9051,123,515,0
9074,282,315,0
9076,508,319,0
9077,408,252,0
9079,175,232,1
9083,291,295,0
9090,685,239,1
9105,312,159,0
9106,680,255,0
9109,401,61,0
9109,590,406,0
9112,288,321,0
9141,679,231,1
9145,292,310,0
9152,591,405,0
9152,591,417,0
9157,306,515,0
9158,358,255,1
9161,313,154,0
9174,311,166,1
9179,594,411,0
9205,360,260,0
9213,312,158,0
9213,609,449,0
9222,876,565,0
9242,679,248,1
9245,280,324,1
9253,411,251,0
9256,609,450,0
9259,178,247,0
9274,680,231,1
9280,594,433,0
9285,593,414,0
9288,621,423,0
9297,834,393,0
9297,292,324,1
9299,610,451,0
9303,677,257,0
9303,617,413,0
9316,814,255,0
9326,676,257,0
9326,177,210,1
9338,595,396,0
9346,817,286,0
9354,678,258,0
9365,312,166,1
9365,633,420,1
9369,678,257,0
9387,311,167,1
9400,609,412,1
9405,677,254,0
9433,676,251,0
9434,360,250,1
9447,297,332,1
9455,389,288,0
9475,294,297,0
9488,176,213,0
9499,181,210,1
9507,610,452,0
9507,682,233,1
9514,279,314,1
9528,404,258,0
9529,681,253,0
9546,117,147,0
9553,181,211,1
9558,676,256,0
9570,113,228,1
9575,508,314,0
9575,173,243,0
9576,179,212,1
9582,677,253,0
9583,679,253,0
9584,615,462,1
9584,404,260,0
9587,288,322,0
9589,284,301,1
9591,174,212,1
9594,612,397,1
9595,311,168,1
9603,609,416,1
9608,676,255,0
9610,312,160,0
9613,678,253,0
9621,675,255,0
9630,292,294,0
9634,173,244,0
9635,681,257,0
9637,678,254,0
9642,448,334,0
9650,682,254,0
9651,288,324,0
9663,296,319,1
9666,675,257,0
9670,629,388,1
9671,508,291,1
9697,179,214,1
9700,182,210,1
9724,291,493,0
9733,275,183,0
9748,181,209,1
9765,858,586,0
9771,299,327,0
9775,594,386,0
9780,281,310,1
9784,288,292,1
9788,290,316,0
9801,299,331,0
9809,497,200,0
9815,593,390,0
9816,383,244,0
9819,594,404,0
9821,311,169,1
9827,706,137,0
9845,291,309,0
9869,607,383,1
9873,610,448,0
9873,312,163,0
9874,1055,313,0
9879,595,386,0
9879,611,417,1
9881,289,320,0
9881,530,332,0
9888,292,311,0
9896,289,318,0
9912,1182,428,0
9914,179,213,1
9918,594,391,0
9923,290,320,0
9923,290,318,0
9926,295,298,0
9935,289,322,0
9940,616,452,1
9949,592,409,0
9965,290,319,0
9968,285,308,0
9974,174,211,1
9979,294,310,0
9982,324,124,0
9984,682,255,0
9987,291,314,0
9998,283,304,1
10032,509,320,0
10035,174,210,1
10049,682,253,0
10050,953,502,0
10055,298,304,0
10055,610,453,0
10058,1027,434,0
10063,614,431,0
10068,405,256,1
10076,606,440,1
10077,292,297,1
10079,290,315,0
10080,677,258,0
10082,675,256,0
10101,287,309,1
10109,406,243,0
10113,311,170,1
10113,659,703,0
10121,294,327,0
10137,445,421,0
10167,1179,421,0
10191,594,382,0
10208,175,213,1
10239,281,316,0
10251,610,415,1
10253,678,233,0
10256,675,245,0
10266,790,632,0
10267,552,293,0
10280,397,243,1
10280,287,319,1
10285,948,497,0
10288,673,236,0
10288,176,215,1
10293,181,215,1
10298,179,210,1
10311,311,171,1
10313,288,309,1
10342,677,251,0
10343,606,435,1
10344,683,237,0
10348,819,120,1
10354,283,306,1
10359,401,61,0
10359,680,258,0
10374,181,214,1
10375,180,211,1
10376,290,314,0
10378,289,292,1
10397,384,242,0
10418,615,432,0
10419,1051,460,0
10444,625,445,0
10458,675,235,0
10459,290,295,0
10465,679,254,0
10466,298,319,1
10467,287,298,1
10483,682,245,0
10492,301,328,1
10496,294,324,0
10505,179,209,1
10506,300,326,1
10512,180,209,1
10514,293,298,0
10521,312,161,0
10529,634,420,1
10531,592,396,0
10560,312,162,0
10576,181,213,1
10585,443,409,0
10605,311,172,1
10611,177,215,1
10617,594,413,0
10618,368,254,0
10622,679,248,0
10623,623,447,1
10625,310,172,1
10637,683,246,0
10638,681,245,0
10644,920,263,1
10645,407,245,0
10646,681,234,0
10650,613,447,0
10658,981,597,0
10662,608,411,1
10664,679,234,0
10677,658,44,0
10677,676,236,0
10695,674,246,0
10704,592,10,0
10711,496,402,0
10712,360,254,1
10723,506,295,1
10728,396,248,1
10740,593,404,0
10753,283,307,1
10759,279,313,1
10761,679,253,1
10767,678,253,1
10773,508,316,0
10787,310,173,1
10789,281,315,0
10798,287,330,0
10800,676,250,0
10806,679,235,0
10809,682,235,0
10815,817,286,0
10816,292,326,1
10819,509,310,0
10825,179,208,1
10849,389,288,0
10852,681,248,0
10865,291,310,0
10869,628,424,1
10871,620,398,0
10872,285,299,1
10877,506,307,0
10880,369,253,0
10892,597,348,0
10892,607,440,1
10913,123,515,0
10913,624,438,0
10928,683,236,0
10931,680,236,0
10937,24,7,0
10946,677,240,0
10959,86,241,0
10959,619,449,1
10973,281,319,1
10977,581,149,0
10990,920,264,1
11000,310,174,1
11002,405,243,0
11011,295,332,0
11021,677,232,0
11025,681,253,1
11030,764,630,0
11032,117,147,0
11038,758,167,0
11045,175,208,1
11046,616,426,0
11049,876,565,0
11051,675,257,1
11051,682,234,0
11057,601,390,0
11059,173,245,0
11078,591,403,0
11085,593,415,0
11091,679,257,1
11105,676,241,0
11115,632,421,1
11123,677,250,0
11126,298,332,1
11135,678,236,0
11145,677,257,1
11148,1055,313,0
11170,679,256,1
11173,410,256,0
11177,677,258,1
11180,175,209,1
11185,593,398,0
11188,612,439,0
11189,593,396,0
11195,596,385,0
11195,676,257,1
11202,678,257,1
11203,958,339,0
11204,680,255,1
11207,679,258,1
11219,678,258,1
11220,595,391,0
11223,1123,209,0
11223,622,451,0
11228,678,250,0
11232,159,252,0
11241,682,255,1
11249,681,237,0
11257,676,258,1
11260,858,586,0
11273,594,418,0
11282,508,292,1
11284,310,175,1
11290,311,168,0
11293,676,259,1
11297,610,409,1
11320,324,124,0
11325,407,247,0
11327,614,447,0
11355,619,452,0
11358,616,450,1
11362,676,254,1
11382,613,457,1
11384,676,256,1
11384,615,438,0
11387,676,253,1
11388,629,424,1
11390,311,167,0
11391,677,254,1
11395,448,334,0
11403,608,419,1
11411,291,323,1
11422,497,200,0
11423,676,255,1
11430,676,251,1
11445,284,327,1
11447,675,255,1
11452,677,253,1
11452,677,251,1
11456,608,412,1
11473,599,427,0
11474,295,321,0
11478,677,252,1
11487,310,176,1
11489,1049,432,0
11490,398,245,1
11529,508,313,0
11536,281,322,1
11544,615,435,0
11561,920,635,0
11570,405,254,1
11574,682,254,1
11574,361,253,1
11582,619,444,0
11602,291,333,0
11606,530,332,0
11606,613,449,0
11616,311,169,0
11623,678,233,1
11627,401,61,0
11640,611,404,1
11644,407,244,0
11660,287,318,1
11662,706,137,0
11669,406,246,0
11675,177,210,0
11679,181,211,0
11685,311,165,0
11699,310,177,1
11701,358,247,1
11703,181,210,0
11703,679,235,1
11715,629,437,1
11717,299,307,0
11720,611,438,0
11727,607,423,1
11736,404,259,0
11753,611,402,1
11768,181,213,0
11771,298,329,1
11790,614,428,0
11807,179,213,0
11811,592,404,0
11826,675,245,1
11833,280,313,1
11837,790,632,0
11837,174,212,0
11848,179,214,0
11850,174,211,0
11851,177,228,0
11852,286,311,0
11858,612,443,0
11860,296,305,0
11861,620,452,0
11863,182,210,0
11866,286,307,0
11869,291,493,0
11872,280,322,1
11893,180,209,0
11894,310,178,1
11898,311,171,0
11947,177,208,0
11953,770,691,0
11964,675,235,1
11977,294,322,0
11978,1187,305,0
11980,613,403,1
12003,509,291,1
12010,405,255,1
12013,289,321,0
12014,552,293,0
12016,680,252,1
12023,619,398,0
12026,683,237,1
12040,301,335,0
12044,398,242,1
12045,292,322,1
12045,685,239,1
12057,385,243,0
12085,179,212,0
12095,675,251,1
12095,681,252,1
12107,681,255,1
12109,622,383,0
12111,176,215,0
12114,618,444,0
12118,680,251,1
12127,181,209,0
12130,613,442,0
12134,953,502,0
12139,294,329,0
12155,659,703,0
12179,679,248,1
12182,174,210,0
12184,176,213,0
12191,680,231,1
12196,278,329,1
12207,310,179,1
12214,117,147,0
12216,312,164,0
12231,181,215,0
12233,682,245,1
12252,592,413,0
12259,389,288,0
12268,817,286,0
12271,679,231,1
12279,624,404,0
12287,309,179,1
12290,179,208,0
12294,619,397,0
12295,621,448,1
12303,409,256,0
12318,280,323,1
12339,679,254,0
12344,280,321,1
12354,408,245,0
12365,409,263,1
12379,590,405,0
12383,1051,460,0
12393,175,213,0
12401,1055,313,0
12427,179,210,0
12431,445,421,0
12435,301,329,1
12442,626,446,0
12446,180,211,0
12474,919,268,1
12477,398,241,1
12506,615,427,0
12535,410,252,0
12538,682,233,1
12560,676,250,0
12560,612,401,1
12565,309,180,1
12572,291,325,1
12572,919,269,1
12580,286,306,0
12589,1182,433,0
12592,516,296,1
12596,291,313,0
12602,408,248,0
12605,611,403,1
12611,295,299,0
12620,593,392,0
12625,679,256,0
12636,596,427,0
12640,298,331,1
12644,292,325,1
12650,359,253,1
12661,324,124,0
12668,594,417,0
12679,290,325,1
12682,309,181,1
12684,296,310,0
12699,286,320,1
12702,597,348,0
12703,300,331,0
12735,680,255,0
12735,1191,157,0
12753,280,310,1
12755,287,329,0
12758,680,258,0
12762,858,586,0
12770,408,263,1
12779,948,497,0
12789,629,433,1
12790,123,515,0
12792,876,565,0
12803,311,166,0
12866,360,252,1
12869,309,182,1
12870,298,303,0
12873,281,308,1
12894,181,214,0
12897,401,61,0
12930,677,257,0
12935,295,315,0
12939,297,333,1
12941,630,383,1
12944,676,257,0
12944,678,257,0
12958,591,407,0
12961,367,262,0
12961,310,173,0
12985,292,298,1
12998,677,258,0
13003,497,200,0
13034,639,398,1
13034,174,237,1
13042,676,251,0
13055,607,389,1
13073,284,316,1
13079,606,422,1
13090,309,183,1
13116,384,243,0
13120,595,411,0
13127,360,257,1
13136,636,395,1
13137,310,176,0
13141,681,253,0
13142,299,306,0
13145,293,300,0
13146,291,312,0
13152,1069,432,0
13157,384,244,0
13159,397,248,1
13178,288,307,1
13185,177,215,0
13187,288,310,1
13189,678,253,0
13192,676,256,0
13198,679,253,0
13200,298,322,1
13202,1134,579,0
13208,658,44,0
13209,677,250,0
13217,676,255,0
13223,1182,432,0
13234,758,167,0
13238,508,310,0
13239,296,306,0
13243,659,470,1
13251,675,245,0
13258,299,304,0
13258,679,257,0
13265,590,402,0
13270,605,436,1
13272,290,317,0
13285,294,323,0
13293,177,216,0
13294,678,233,0
13301,706,137,0
13301,24,7,0
13302,289,323,0
13303,614,448,0
13309,530,332,0
13326,175,208,0
13336,297,309,0
13338,1049,432,0
13343,309,184,1
13351,613,448,0
13353,617,450,1
13359,310,174,0
13369,443,409,0
13374,790,632,0
13375,448,334,0
13377,454,508,0
13386,675,257,0
13425,676,236,0
13426,972,111,0
13427,293,310,0
13427,293,294,0
13432,286,313,0
13437,409,429,0
13437,682,254,0
13440,673,236,0
13442,193,232,1
13454,633,695,0
13463,592,397,0
13473,117,147,0
13476,593,397,0
13484,682,253,0
13489,296,301,0
13490,306,515,0
13496,288,308,1
13508,310,175,0
13513,181,215,1
13522,616,424,0
13537,679,248,0
13543,282,299,1
13555,309,185,1
13556,684,176,0
13572,675,235,0
13575,910,274,0
13582,311,170,0
13582,283,328,1
13602,398,244,1
13605,177,210,0
13619,679,234,0
13624,764,630,0
13645,300,303,1
13655,293,311,0
13659,817,286,0
13665,1123,209,0
13667,505,299,1
13669,681,234,0
13670,681,257,0
13672,1055,313,0
13677,366,246,0
13678,411,250,0
13679,680,236,0
13683,172,248,0
13690,679,235,0
13690,678,258,0
13691,285,307,0
13694,300,332,0
13696,674,246,0
13707,675,256,0
13719,389,288,0
13721,682,255,0
13733,177,213,0
13738,311,172,0
13754,677,253,0
13760,187,639,0
13764,678,236,0
13767,620,400,0
13767,594,384,0
13768,609,448,0
13769,918,272,1
13779,284,329,1
13787,683,246,0
13788,681,237,0
13791,309,186,1
13791,609,411,1
13792,682,235,0
13792,618,396,0
13799,410,253,0
13800,681,248,0
13807,677,240,0
13814,678,250,0
13817,295,331,0
13818,681,245,0
13833,796,307,0
13833,310,178,0
13842,281,318,1
13846,682,234,0
13853,682,245,0
13863,594,411,0
13868,288,329,0
13875,310,177,0
13885,647,43,1
13894,677,252,0
13894,552,293,0
13903,174,236,1
13927,683,236,0
13957,358,248,1
13964,292,307,0
13965,675,255,0
13988,677,236,0
13988,614,456,1
13991,677,232,0
13994,282,316,0
14000,291,493,0
14001,676,258,0
14004,93,562,0
14010,324,124,0
14015,198,227,1
14024,385,250,1
14032,610,412,1
14033,298,306,0
14035,309,187,1
14051,174,238,1
14053,297,328,0
14059,918,273,1
14059,406,242,0
14068,615,420,0
14071,683,237,0
14085,612,460,1
14087,679,254,0
14088,676,241,0
14123,1051,460,0
14152,1016,675,0
14158,958,339,0
14159,647,44,1
14161,174,212,0
14170,677,254,0
14178,953,502,0
14179,401,61,0
14191,302,303,0
14204,294,321,0
14219,229,148,0
14228,625,444,0
14230,858,586,0
14246,613,446,0
14246,310,172,0
14249,295,329,0
14249,606,420,1
14261,283,305,1
14267,300,325,1
14272,920,264,0
14292,596,429,0
14301,410,254,0
14316,308,187,1
14344,309,188,1
14346,918,274,1
14346,605,384,1
14346,309,180,0
14360,678,253,1
14362,308,188,1
14371,679,253,1
14393,280,311,1
14416,623,383,0
14420,299,305,0
14436,677,251,0
14448,676,236,1
14449,595,389,0
14459,509,318,0
14463,876,565,0
14472,618,404,0
14514,309,181,0
14529,676,250,0
14536,597,348,0
14555,678,233,1
14563,291,311,0
14565,497,200,0
14568,114,232,1
14578,287,297,1
14579,629,387,1
14585,291,317,0
14598,659,703,0
14605,681,253,1
14615,508,320,0
14622,680,258,1
14628,369,254,0
14629,194,578,0
14645,393,247,1
14646,299,328,0
14647,117,147,0
14651,681,252,1
14665,178,241,1
14668,618,450,1
14670,679,235,1
14676,300,308,1
14681,308,189,1
14704,622,386,0
14707,123,515,0
14709,309,189,1
14716,407,243,0
14723,177,208,0
14729,396,243,1
14738,677,257,1
14743,285,309,0
14745,359,251,1
14751,617,414,0
14752,445,421,0
14757,679,256,1
14782,288,328,0
14784,282,307,1
14785,678,258,1
14794,680,255,1
14798,676,257,1
14802,675,245,1
14807,308,190,1
14813,677,258,1
14822,679,258,1
14823,289,324,0
14826,287,320,1
14830,678,257,1
14833,404,255,1
14852,675,235,1
14854,290,318,0
14855,682,255,1
14867,679,257,1
14875,592,403,0
14904,790,632,0
14928,242,462,0
14929,311,167,0
14932,357,259,0
14936,1055,313,0
14948,530,332,0
14956,435,566,0
14964,676,254,1
14965,919,269,0
14966,616,414,0
14975,706,137,0
14987,606,439,1
14996,616,451,1
14997,611,451,0
14997,676,253,1
15007,676,255,1
15015,1253,173,0
15016,676,256,1
15019,677,250,1
15020,508,299,0
15022,175,213,1
15030,309,184,0
15035,593,402,0
15042,676,251,1
15044,281,324,1
15061,177,209,0
15064,308,191,1
15069,625,404,0
15091,289,322,0
15092,286,312,0
15094,679,231,1
15095,675,254,1
15121,389,288,0
15154,594,430,0
15168,817,286,0
15171,682,254,1
15171,679,248,1
15172,288,293,1
15175,406,247,0
15181,614,434,0
15182,409,253,0
15221,308,192,1
15238,309,183,0
15247,948,497,0
15263,177,210,1
15270,625,452,1
15276,593,413,0
15279,315,139,0
15281,1062,215,0
15281,593,394,0
15290,610,457,0
15296,448,334,0
15301,285,308,0
15301,678,250,1
15303,680,231,1
15307,589,408,0
15308,628,428,1
15311,684,176,0
15321,358,254,1
15334,324,124,0
15351,594,412,0
15354,294,328,0
15359,613,444,0
15363,1066,679,0
15371,917,277,1
15382,177,231,0
15388,593,412,0
15393,612,448,0
15395,299,335,0
15416,280,312,1
15431,294,293,0
15442,401,61,0
15449,308,193,1
15464,487,671,0
15471,682,233,1
15472,181,210,1
15485,604,429,1
15487,626,445,0
15503,590,407,0
15511,298,305,0
15526,605,435,1
15534,180,244,1
15534,294,325,0
15534,917,278,1
15539,179,212,1
15553,300,330,0
15553,615,429,0
15553,758,167,0
15554,181,211,1
15558,411,255,0
15562,593,416,0
15595,628,447,0
15604,178,243,1
15606,592,401,0
15611,619,404,0
15611,593,400,0
15619,607,437,1
15625,680,252,1
15627,594,390,0
15647,612,625,0
15647,179,214,1
15650,293,336,0
15660,114,226,1
15660,552,293,0
15682,1049,432,0
15683,681,255,1
15688,308,194,1
15695,858,586,0
15696,182,210,1
15698,680,251,1
15706,181,209,1
15709,675,251,1
15719,24,7,0
15724,174,212,1
15743,611,416,1
15782,309,185,0
15783,678,236,0
15793,590,404,0
15805,300,329,0
15813,987,448,0
15823,76,601,0
15827,658,44,0
15829,179,213,1
15832,290,296,0
15837,612,449,0
15841,917,279,1
15844,770,691,0
15845,117,147,0
15855,834,142,0
15858,358,259,0
15870,764,630,0
15895,1063,282,0
15908,505,303,0
15910,606,434,1
15917,293,314,1
15917,174,211,1
15920,593,388,0
15927,679,254,0
15934,296,300,0
15943,178,229,0
15975,292,302,0
15982,309,186,0
15986,309,187,0
15995,595,381,0
16007,625,445,0
16011,676,258,0
16040,627,381,0
16045,174,210,1
16059,294,327,0
16064,308,195,1
16076,1123,209,0
16079,309,182,0
16089,297,327,0
16098,283,329,1
16102,876,565,0
16103,292,303,0
16108,179,235,0
16111,443,409,0
16114,496,402,0
16114,497,200,0
16126,280,316,0
16133,287,321,1
16137,291,493,0
16144,285,311,0
16148,410,255,0
16155,290,316,0
16161,615,457,1
16174,292,311,0
16175,676,250,0
16178,615,440,0
16184,508,321,0
16184,308,196,1
16193,683,237,0
16195,675,245,0
16196,634,392,1
16199,296,313,1
16200,1055,313,0
16204,290,315,0
16221,308,188,0
16224,679,256,0
16240,678,233,0
16241,181,215,1
16243,918,273,0
16245,179,210,1
16256,356,260,0
16259,176,215,1
16260,592,419,0
16264,673,236,0
16278,953,502,0
16281,293,295,0
16288,284,299,1
16292,618,453,0
16297,307,196,1
16313,633,392,1
16330,680,255,0
16335,180,209,1
16338,1051,460,0
16341,179,239,0
16341,508,317,0
16343,176,213,1
16349,637,396,1
16350,409,252,0
16352,616,412,0
16353,181,214,1
16361,627,434,1
16363,180,211,1
16364,281,323,1
16375,597,403,0
16388,595,395,0
16408,594,410,0
16417,289,294,1
16430,360,251,1
16437,790,632,0
16443,675,235,0
16464,308,197,1
16474,682,245,0
16475,593,410,0
16484,678,258,0
16485,179,209,1
16485,261,155,0
16491,177,215,1
16517,307,197,1
16527,676,236,0
16530,676,257,0
16532,677,257,0
16543,123,515,0
16551,181,213,1
16555,678,257,0
16558,389,288,0
16563,530,332,0
16565,677,258,0
16572,917,281,1
16573,679,248,0
16581,290,319,0
16583,681,234,0
16587,817,286,0
16592,299,336,0
16607,683,246,0
16609,293,308,0
16622,681,245,0
16624,679,234,0
16642,706,137,0
16643,677,254,0
16651,307,198,1
16653,676,251,0
16657,674,246,0
16660,916,281,1
16665,324,124,0
16676,293,335,0
16677,677,251,0
16684,308,191,0
16688,659,703,0
16690,679,235,0
16714,681,253,0
16717,611,395,1
16718,401,61,0
16723,675,254,0
16724,279,315,1
16728,357,247,1
16744,179,208,1
16752,291,314,0
16759,177,216,1
16765,605,389,1
16775,298,330,1
16781,682,235,0
16787,677,240,0
16788,676,256,0
16796,676,255,0
16800,681,248,0
16802,679,253,0
16811,678,253,0
16815,681,252,0
16820,622,450,0
16823,299,334,0
16824,397,257,0
16826,681,257,0
16827,179,215,1
16829,1253,173,0
16831,624,409,0
16833,682,234,0
16834,294,294,0
16847,291,315,0
16858,611,394,1
16872,308,189,0
16883,307,199,1
16893,590,408,0
16936,285,312,0
16953,683,236,0
16967,297,302,0
16973,187,639,0
16991,360,249,1
17001,175,208,1
17009,410,251,0
17015,679,257,0
17021,676,241,0
17025,358,260,0
17028,677,232,0
17031,682,254,0
17033,506,322,1
17036,916,282,1
17046,605,438,1
17049,299,323,1
17068,445,421,0
17069,407,244,0
17082,680,236,0
17088,514,310,1
17094,287,301,1
17104,308,190,0
17107,117,147,0
17136,612,440,0
17142,406,244,0
17145,601,422,1
17154,307,200,1
17173,858,586,0
17181,298,308,0
17182,177,213,1
17186,405,257,1
17195,609,449,0
17207,645,54,1
17208,581,149,0
17217,916,283,1
17224,507,310,0
17243,300,324,1
17244,678,237,0
17252,435,566,0
17269,308,192,0
17288,294,326,0
17295,917,278,0
17296,290,320,0
17304,682,255,0
17306,308,193,0
17322,283,326,1
17336,615,453,1
17355,307,201,1
17357,616,396,1
17358,607,387,1
17359,289,297,0
17379,682,253,0
17420,360,247,1
17427,360,256,1
17448,1055,313,0
17450,677,253,0
17457,287,317,1
17464,615,436,0
17477,295,330,0
17480,618,442,0
17482,765,179,0
17495,281,312,1
17497,409,249,0
17524,916,284,1
17524,1180,421,0
17526,291,313,0
17530,552,293,0
17538,675,257,0
17543,1238,335,0
17566,307,202,1
17568,284,328,1
17574,678,233,1
17578,647,43,0
17581,303,303,0
17581,177,235,0
17583,287,296,1
17592,679,235,1
17592,296,307,0
17602,593,398,0
17604,676,259,0
17604,301,327,1
17606,177,210,0
17607,300,333,0
17616,917,279,0
17629,309,188,0
17634,675,256,0
17637,1183,429,0
17645,181,210,0
17659,679,254,0
17670,181,211,0
17678,497,200,0
17685,892,567,0
17702,596,402,0
17707,592,417,0
17709,286,307,0
17722,288,296,1
17724,617,412,0
17736,181,213,0
17737,675,245,1
17746,180,209,0
17753,177,234,0
17766,611,445,1
17789,614,437,0
17790,179,213,0
17798,174,211,0
17800,309,184,0
17802,179,214,0
17807,758,167,0
17812,307,203,1
17812,394,261,1
17818,876,565,0
17829,612,625,0
17835,182,210,0
17865,358,246,1
17865,299,317,1
17867,608,393,1
17876,298,316,1
17913,608,420,1
17913,625,453,1
17913,675,235,1
17935,292,312,0
17937,294,331,0
17938,684,176,0
17939,683,237,1
17940,396,244,1
17944,916,285,1
17946,369,245,0
17959,819,120,0
17961,678,253,1
17966,595,394,0
17974,389,288,0
17975,679,253,1
17978,174,212,0
17987,628,392,0
17995,790,632,0
17997,401,61,0
18007,178,242,1
18017,324,124,0
18025,817,286,0
18034,297,310,0
18041,179,212,0
18047,593,391,0
18049,24,7,0
18050,293,307,0
18051,752,270,0
18051,282,315,0
18060,176,215,0
18063,611,439,0
18069,307,204,1
18071,112,217,1
18075,592,415,0
18095,1179,421,0
18103,685,239,1
18107,174,210,0
18121,181,209,0
18125,680,231,1
18128,1051,460,0
18134,610,450,0
18135,593,386,0
18140,764,630,0
18159,679,248,1
18161,293,313,1
18162,625,446,0
18176,179,208,0
18181,508,322,0
18188,294,324,0
18192,181,215,0
18205,637,409,1
18223,530,332,0
18230,681,253,1
18247,299,316,1
18249,681,252,1
18253,1254,397,0
18257,609,451,0
18271,308,196,0
18271,285,328,1
18281,297,313,1
18282,915,286,1
18297,291,493,0
18302,592,407,0
18304,306,204,1
18313,117,147,0
18321,289,323,0
18327,293,293,0
18327,1049,432,0
18330,679,231,1
18330,595,428,0
18332,615,416,0
18337,294,322,0
18337,594,392,0
18341,677,257,1
18343,359,252,1
18349,635,412,1
18354,682,245,1
18371,631,424,1
18373,679,256,1
18381,680,255,1
18383,676,257,1
18383,307,205,1
18393,953,502,0
18396,179,210,0
18398,307,198,0
18400,279,311,1
18406,635,414,1
18407,679,258,1
18411,678,257,1
18412,289,291,1
18413,281,311,1
18418,280,308,1
18428,286,298,1
18437,678,258,1
18442,677,258,1
18443,291,319,0
18446,409,248,0
18449,682,255,1
18458,410,250,0
18459,624,445,0
18465,676,258,1
18474,180,211,0
18475,607,384,1
18482,290,322,0
18508,1123,209,0
18511,175,213,0
18527,307,196,0
18530,409,251,0
18532,197,236,0
18534,123,515,0
18537,658,44,0
18549,613,447,0
18552,682,233,1
18561,618,443,0
18566,676,254,1
18582,300,334,0
18586,676,253,1
18586,677,254,1
18596,915,287,1
18598,306,206,1
18624,676,256,1
18625,676,255,1
18625,676,251,1
18651,618,441,0
18652,589,406,0
18662,409,250,0
18669,287,331,0
18676,677,252,1
18679,297,303,0
18692,1055,313,0
18695,1248,257,0
18700,675,254,1
18701,858,586,0
18707,676,250,1
18709,291,316,0
18716,615,451,1
18728,181,210,1
18743,659,703,0
18746,180,248,1
18750,197,235,0
18774,682,254,1
18795,409,254,0
18812,297,312,1
18823,308,197,0
18825,647,44,0
18826,287,330,0
18830,177,209,0
18831,634,418,1
18834,443,409,0
18835,609,419,1
18847,605,390,1
18855,915,288,1
18858,308,194,0
18859,181,214,0
18859,307,200,0
18860,307,199,0
18879,369,252,0
18881,281,321,1
18902,306,207,1
18906,359,256,1
18911,916,281,0
18943,176,213,0
18945,622,446,1
18951,594,421,0
18960,285,298,1
18968,706,137,0
18977,599,420,1
18991,297,308,0
19001,1253,173,0
19002,178,246,0
19005,591,401,0
19009,177,215,0
19011,409,256,0
19021,307,207,1
19030,306,208,1
19034,596,383,0
19061,591,400,0
19068,637,408,1
19082,289,321,0
19090,618,456,1
19099,295,329,0
19110,1179,422,0
19131,596,425,0
19135,307,202,0
19137,292,313,0
19154,300,328,0
19156,383,243,0
19157,290,323,0
19158,409,252,0
19160,299,307,0
19161,295,328,0
19164,286,303,1
19182,284,302,1
19184,404,263,1
19192,675,245,0
19224,605,386,1
19230,581,149,0
19230,680,252,1
19234,306,209,1
19235,590,406,0
19247,496,402,0
19249,113,219,1
19275,497,200,0
19276,1191,157,0
19286,295,323,0
19294,675,251,1
19303,613,445,0
19305,401,61,0
19309,680,251,1
19310,285,313,0
19315,681,255,1
19328,677,251,1
19329,1273,546,0
19334,627,446,0
19334,408,247,0
19345,552,293,0
19346,368,254,0
19366,308,195,0
19372,678,233,0
19373,324,124,0
19389,673,236,0
19406,614,397,1
19417,445,421,0
19439,817,286,0
19443,613,441,0
19444,385,244,0
19454,175,208,0
19469,770,691,0
19469,508,301,0
19478,306,210,1
19482,389,288,0
19488,181,215,1
19490,406,243,0
19496,876,565,0
19499,307,203,0
19501,610,452,0
19506,675,235,0
19507,302,335,0
19533,679,248,0
19540,290,317,0
19545,790,632,0
19554,679,254,0
19580,679,235,0
19591,916,282,0
19596,611,401,1
19598,294,307,0
19600,632,424,1
19606,592,388,0
19608,674,246,0
19611,287,319,1
19617,683,246,0
19626,679,234,0
19641,408,260,1
19660,177,213,0
19662,597,348,0
19676,1147,532,0
19678,283,304,1
19678,892,567,0
19691,619,405,0
19692,629,430,1
19694,368,253,0
19705,614,438,0
19716,306,211,1
19720,878,151,0
19720,618,415,0
19728,117,147,0
19730,681,248,0
19733,626,446,0
19736,677,240,0
19737,681,234,0
19750,621,392,0
19751,681,245,0
19753,682,235,0
19755,513,316,1
19758,680,236,0
19764,676,236,0
19789,294,308,0
19797,617,425,0
19814,636,414,1
19815,679,256,0
19820,591,408,0
19823,617,411,0
19831,409,255,0
19839,1244,309,0
19841,682,234,0
19849,530,332,0
19872,594,395,0
19891,637,407,1
19897,1051,460,0
19907,680,255,0
19913,677,232,0
19917,677,236,0
19937,621,450,0
19948,1055,313,0
19950,607,386,1
19961,675,257,0
19963,298,332,1
19967,683,236,0
19973,682,245,0
19974,306,212,1
20004,948,497,0
20008,683,237,0
20035,594,383,0
20035,295,322,0
20040,758,167,0
20056,509,297,0
20078,435,566,0
20081,283,306,1
20091,677,250,0
20093,298,333,1
20099,915,288,0
20109,676,241,0
20118,617,410,0
20121,307,204,0
20122,678,257,0
20130,397,244,1
20130,307,201,0
20132,677,257,0
20149,676,257,0
20154,625,391,0
20159,858,586,0
20167,593,384,0
20172,972,228,0
20173,596,381,0
20174,678,258,0
20187,591,415,0
20192,357,260,0
20214,41,10,0
20214,606,389,1
20227,676,251,0
20232,678,236,0
20234,289,309,1
20236,289,308,1
20238,624,444,0
20246,303,304,0
20249,286,302,1
20256,357,248,1
20264,285,300,1
20265,591,409,0
20278,623,449,0
20290,359,257,1
20290,292,309,0
20310,913,121,0
20313,916,283,0
20316,291,318,0
20319,681,253,0
20323,591,418,0
20328,174,212,0
20329,1049,432,0
20344,675,254,0
20348,590,401,0
20350,626,447,0
20367,676,250,0
20376,679,253,0
20388,677,253,0
20396,289,320,0
20397,764,630,0
20403,295,327,0
20406,291,493,0
20412,628,425,1
20413,591,402,0
20418,123,515,0
20422,676,256,0
20430,681,252,0
20435,676,255,0
20435,678,253,0
20452,953,502,0
20456,288,295,1
20458,615,415,0
20477,615,450,1
20478,306,214,1
20488,296,299,0
20506,625,448,0
20516,293,311,0
20529,24,7,0
20532,678,233,1
20567,589,407,0
20575,294,295,0
20585,706,137,0
20588,612,406,1
20590,401,61,0
20592,679,235,1
20627,613,443,0
20634,682,254,0
20647,509,292,1
20657,679,257,0
20658,623,382,0
20660,292,327,1
20660,614,433,0
20688,178,234,1
20690,177,210,0
20693,916,284,0
20702,610,414,1
20705,324,124,0
20705,589,403,0
20729,617,409,0
20731,290,321,0
20734,1182,429,0
20737,78,546,0
20764,915,287,0
20769,306,210,0
20769,294,323,0
20779,598,428,0
20800,675,245,1
20803,1253,173,0
20813,594,391,0
20814,675,256,0
20819,497,200,0
20821,605,388,1
20826,283,305,1
20828,681,257,0
20831,307,205,0
20844,817,286,0
20866,676,259,0
20867,179,237,0
20872,682,255,0
20872,291,320,0
20893,631,408,1
20896,659,703,0
20901,1123,209,0
20901,306,207,0
20905,675,235,1
20909,289,319,0
20910,389,288,0
20912,1163,251,1
20914,629,390,0
20922,682,253,0
20929,306,208,0
20938,677,258,0
20960,117,147,0
20977,393,260,1
20985,305,216,1
21008,177,208,0
21019,658,44,0
21025,281,316,0
21025,294,310,0
21029,175,213,1
21035,594,411,0
21041,306,206,0
21042,610,449,0
21053,679,231,1
21055,359,260,0
21059,291,312,0
21072,593,390,0
21078,685,239,1
21094,617,443,0
21098,295,324,0
21102,790,632,0
21114,552,293,0
21119,679,248,1
21121,286,308,0
21121,876,565,0
21124,306,209,0
21134,305,217,1
21155,677,252,0
21181,593,414,0
21182,680,231,1
21185,676,258,0
21192,448,334,0
21198,281,313,1
21215,1055,313,0
21218,680,258,0
21219,621,393,0
21232,617,459,1
21233,678,250,1
21246,679,254,0
21255,365,246,0
21267,635,413,1
21272,396,245,1
21283,300,305,0
21292,581,149,0
21298,291,315,0
21308,172,526,0
21338,299,315,1
21365,315,369,0
21368,593,419,0
21381,1190,549,0
21384,177,216,0
21392,359,246,1
21394,179,238,0
21411,677,254,0
21415,591,406,0
21422,181,210,1
21429,590,405,0
21439,250,173,1
21448,530,332,0
21454,280,314,1
21462,370,253,0
21462,305,218,1
21466,619,399,0
21469,892,567,0
21473,682,233,1
21483,181,211,1
21498,291,317,0
21509,358,253,1
21516,278,316,1
21533,282,329,1
21538,589,405,0
21538,443,409,0
21539,179,212,1
21552,609,393,1
21560,610,451,0
21576,678,253,1
21585,679,253,1
21602,1187,305,0
21604,287,322,1
21606,604,438,1
21617,288,309,1
21623,609,413,1
21626,182,210,1
21633,593,407,0
21646,179,214,1
21658,858,586,0
21660,1195,570,0
21663,306,211,0
21671,115,222,1
21674,299,306,0
21685,593,418,0
21689,287,300,1
21693,289,324,0
21695,368,246,0
21701,305,219,1
21701,281,309,1
21703,600,431,0
21732,181,209,1
21736,445,421,0
21738,1051,460,0
21753,609,414,1
21761,357,258,0
21770,299,319,1
21771,409,257,0
21797,301,303,1
21817,675,257,1
21818,179,213,1
21823,250,174,1
21825,681,253,1
21836,177,229,0
21838,681,252,1
21866,638,397,1
21874,401,61,0
21894,157,246,0
21899,174,211,1
21899,300,329,0
21924,292,311,0
21927,174,210,1
21941,114,224,1
21942,593,417,0
21952,677,257,1
21974,303,302,0
21990,679,256,1
21999,1257,563,0
22005,676,257,1
22010,677,258,1
22015,679,258,1
22015,593,399,0
22017,680,255,1
22023,592,395,0
22025,177,209,1
22032,678,258,1
22040,305,220,1
22040,678,257,1
22042,623,450,0
22048,300,327,0
22049,616,415,0
22054,676,259,1
22057,676,250,0
22058,292,312,0
22062,611,396,1
22066,509,317,0
22075,434,192,1
22079,324,124,0
22102,300,323,1
22111,612,402,1
22144,605,420,1
22147,676,236,0
22176,678,233,0
22179,673,236,0
22180,676,254,1
22182,176,215,1
22188,629,384,1
22197,117,147,0
22201,675,245,0
22202,301,332,0
22205,288,294,1
22209,676,253,1
22211,397,256,0
22212,683,237,0
22227,676,256,1
22230,507,302,0
22237,181,215,1
22238,179,210,1
22239,676,255,1
22250,676,251,1
22276,123,515,0
22276,1049,432,0
22277,405,245,0
22283,706,137,0
22285,677,253,1
22288,180,211,1
22290,389,288,0
22301,675,254,1
22312,598,384,0
22314,634,394,1
22314,677,251,1
22324,817,286,0
22325,177,210,0
22325,287,311,0
22333,306,210,0
22338,181,214,1
22342,682,245,0
22355,682,254,1
22373,618,407,0
22380,593,389,0
22398,497,200,0
22401,434,193,1
22402,180,245,1
22417,594,396,0
22419,625,447,0
22428,250,175,1
22440,289,293,1
22450,681,234,0
22453,179,209,1
22473,176,213,1
22479,1055,313,0
22480,594,398,0
22482,282,312,1
22489,948,497,0
22491,181,213,1
22494,300,330,0
22498,675,235,0
22502,1248,257,0
22514,297,309,0
22519,679,248,0
22528,177,215,1
22539,180,209,1
22543,404,254,1
22544,674,246,0
22544,683,246,0
22555,294,311,0
22563,592,389,0
22567,591,416,0
22579,291,493,0
22596,679,234,0
22597,953,502,0
22606,681,245,0
22615,592,416,0
22625,611,437,0
22633,292,314,0
22648,287,318,1
22650,616,413,0
22656,790,632,0
22664,397,245,1
22669,305,217,0
22679,635,415,1
22679,679,235,0
22694,682,235,0
22706,179,208,1
22723,764,630,0
22732,681,248,0
22739,680,236,0
22744,601,425,0
22753,306,212,0
22755,624,445,0
22755,361,257,1
22757,677,240,0
22762,916,285,0
22765,291,314,0
22767,178,210,1
22771,301,308,1
22795,678,236,0
22798,599,429,0
22800,284,330,1
22808,434,194,1
22817,876,565,0
22824,290,318,0
22834,680,252,1
22836,24,7,0
22839,616,450,1
22845,415,674,0
22857,612,441,0
22860,293,302,0
22880,293,330,0
22881,1179,423,0
22893,677,232,0
22900,173,245,0
22914,682,255,1
22915,682,234,0
22919,680,251,1
22929,291,324,1
22942,675,251,1
22944,681,255,1
22946,659,703,0
22952,283,322,0
22953,291,313,0
22968,625,446,0
22978,589,404,0
22986,507,320,0
22991,683,236,0
23016,448,334,0
23016,1239,268,0
23022,604,436,1
23022,290,322,0
23029,676,241,0
23030,606,385,1
23030,613,429,0
23032,113,221,1
23037,1178,421,0
23044,637,397,1
23052,1244,264,0
23056,292,308,0
23063,592,400,0
23065,1249,258,0
23072,530,332,0
23074,605,385,1
23082,636,406,1
23083,785,280,1
23097,359,253,1
23101,293,294,0
23102,305,224,1
23113,182,209,1
23114,177,213,1
23119,304,225,1
23124,289,325,0
23126,858,586,0
23143,408,253,0
23147,605,387,1
23148,408,259,1
23151,175,208,1
23152,401,61,0
23158,434,195,1
23162,175,209,1
23174,624,446,0
23179,770,691,0
23182,679,254,0
23199,591,404,0
23209,678,237,0
23229,785,281,1
23245,291,316,0
23248,610,455,0
23251,180,246,1
23253,404,256,1
23255,676,258,0
23270,508,311,0
23277,593,395,0
23281,297,334,1
23287,295,329,0
23292,615,433,0
23305,304,226,1
23327,614,435,0
23328,620,399,0
23332,397,247,1
23334,594,390,0
23345,1123,209,0
23353,611,459,1
23362,676,236,1
23364,117,147,0
23375,600,427,0
23379,892,567,0
23379,677,254,0
23424,324,124,0
23433,612,442,0
23440,1162,258,1
23448,294,296,0
23453,679,256,0
23459,609,412,1
23471,250,173,0
23472,621,384,0
23497,629,429,1
23515,1178,422,0
23518,304,227,1
23533,290,323,0
23536,680,255,0
23558,636,410,1
23587,305,218,0
23596,678,233,1
23598,181,210,0
23614,181,211,0
23618,679,235,1
23626,283,308,1
23635,369,253,0
23636,157,252,0
23642,406,244,0
23648,675,245,1
23660,408,248,0
23684,181,213,0
23685,284,307,1
23685,615,452,1
23690,389,288,0
23694,177,208,0
23697,1191,157,0
23712,292,310,0
23714,295,321,0
23734,1055,313,0
23739,676,250,0
23746,817,286,0
23746,677,257,0
23749,1051,460,0
23752,177,210,0
23758,597,348,0
23760,591,414,0
23761,296,298,0
23766,304,228,1
23773,179,236,0
23778,288,297,1
23781,678,258,0
23782,179,214,0
23786,177,209,0
23787,678,257,0
23787,676,257,0
23789,615,434,0
23819,284,303,1
23827,174,212,0
23827,282,310,1
23829,179,213,0
23830,305,216,0
23847,434,193,0
23851,676,251,0
23861,174,211,0
23861,182,210,0
23875,615,455,1
23881,180,209,0
23884,290,297,0
23887,683,237,1
23913,512,320,1
23938,618,444,0
23941,610,456,0
23941,675,235,1
23943,622,382,0
23946,592,418,0
23956,497,200,0
23957,675,254,0
23959,621,385,0
23961,681,253,0
23969,283,315,0
23971,290,320,0
23992,624,460,1
23993,706,137,0
24001,581,149,0
24004,685,239,1
24008,676,256,0
24012,913,121,0
24016,681,252,0
24019,679,253,0
24019,292,313,0
24019,176,215,0
24023,676,255,0
24026,177,216,0
24030,678,253,0
24030,629,431,1
24034,603,424,0
24043,304,229,1
24046,179,212,0
24048,174,210,0
24049,592,386,0
24052,681,257,0
24057,294,324,0
24060,618,452,0
24061,410,249,0
24062,611,400,1
24065,445,421,0
24075,293,315,1
24092,675,257,0
24094,616,435,0
24101,405,246,0
24106,181,209,0
24107,679,248,1
24120,288,329,0
24127,679,231,1
24137,295,328,0
24139,123,515,0
24146,179,208,0
24152,658,44,0
24159,296,300,0
24160,680,231,1
24161,590,426,1
24173,284,304,1
24181,592,414,0
24186,301,334,0
24189,682,254,0
24190,682,245,1
24192,181,215,0
24197,130,7,1
24199,602,396,0
24204,604,439,1
24204,1049,432,0
24215,304,230,1
24222,609,450,0
24235,443,409,0
24236,790,632,0
24240,680,258,0
24246,284,305,1
24259,180,211,0
24268,299,335,0
24276,285,299,1
24299,679,257,0
24305,288,330,0
24310,682,253,0
24323,609,447,0
24347,614,450,1
24357,307,202,0
24366,292,324,1
24370,179,210,0
24378,610,418,1
24427,299,331,1
24442,618,459,1
24445,175,213,0
24447,600,422,1
24449,401,61,0
24453,682,233,1
24453,299,318,1
24478,178,210,0
24491,408,244,0
24502,295,330,0
24507,876,565,0
24517,677,258,0
24519,608,418,1
24523,609,454,0
24553,677,253,0
24559,514,311,1
24559,407,244,0
24565,294,292,0
24572,304,231,1
24578,405,242,0
24579,292,323,1
24582,512,312,1
24582,636,413,1
24595,625,401,0
24600,596,382,0
24605,281,324,1
24621,858,586,0
24623,281,320,1
24638,291,315,0
24645,117,147,0
24648,953,502,0
24649,409,256,0
24656,608,447,0
24664,678,236,0
24688,291,493,0
24696,181,210,1
24703,112,223,0
24715,676,259,0
24732,396,257,0
24736,552,293,0
24744,293,324,1
24745,677,252,0
24748,324,124,0
24755,295,323,0
24760,613,446,0
24763,675,256,0
24777,448,334,0
24777,365,263,0
24808,285,329,1
24810,282,321,1
24811,626,434,1
24811,296,327,1
24821,615,419,0
24843,304,232,1
24856,530,332,0
24859,181,214,0
24865,834,393,0
24870,594,394,0
24871,592,385,0
24892,516,309,1
24893,915,288,0
24909,597,382,0
24918,391,248,1
24920,679,254,0
24931,764,630,0
24939,306,515,0
24940,507,319,0
24941,300,306,0
24944,301,302,1
24947,911,306,1
24949,300,336,0
24990,605,383,1
24990,1055,313,0
25001,659,703,0
25013,611,405,1
25026,393,262,1
25035,637,406,1
25039,296,306,0
25040,282,316,0
25053,303,233,1
25065,177,215,0
25077,305,220,0
25081,24,7,0
25084,593,413,0
25110,283,323,0
25121,295,310,0
25133,675,245,0
25133,407,264,1
25154,593,411,0
25160,284,326,1
25163,911,307,1
25174,617,442,0
25178,678,253,1
25183,679,253,1
25189,616,449,1
25197,629,407,1
25203,607,419,1
25207,389,288,0
25245,1162,264,1
25248,817,286,0
25260,304,227,0
25269,294,293,0
25277,892,567,0
25285,177,210,0
25288,303,234,1
25300,677,251,0
25306,1208,678,0
25313,304,228,0
25350,175,208,0
25369,588,406,0
25369,172,246,0
25369,589,402,0
25372,673,236,0
25374,514,638,0
25376,678,233,0
25386,594,399,0
25407,676,236,0
25408,609,415,1
25408,590,407,0
25424,291,319,0
25427,676,250,0
25447,181,215,1
25447,303,235,1
25448,197,237,0
25459,279,314,1
25462,681,252,1
25474,1162,265,1
25479,679,248,0
25483,611,443,0
25488,304,226,0
25490,675,257,1
25502,497,200,0
25512,299,332,1
25512,599,425,0
25522,290,298,0
25538,675,235,0
25542,911,308,1
25547,627,433,1
25548,396,258,0
25553,1051,460,0
25570,677,257,1
25574,304,229,0
25575,679,235,0
25580,674,246,0
25585,682,235,0
25587,676,257,1
25589,610,406,1
25591,178,236,1
25593,300,307,0
25594,679,256,1
25600,706,137,0
25600,679,234,0
25605,506,323,1
25608,677,258,1
25612,177,213,0
25613,615,439,0
25616,680,255,1
25627,681,248,0
25636,678,257,1
25639,303,236,1
25646,679,258,1
25652,678,258,1
25654,250,174,0
25656,1253,173,0
25657,597,348,0
25662,680,236,0
25668,182,209,0
25677,682,255,1
25680,600,433,0
25694,681,245,0
25695,616,440,0
25701,676,258,1
25703,677,240,0
25712,683,246,0
25719,286,308,0
25720,634,419,1
25747,406,245,0
25747,682,234,0
25749,401,61,0
25754,405,262,1
25756,681,234,0
25774,1123,209,0
25783,676,254,1
25789,612,458,1
25796,790,632,0
25797,676,256,1
25806,676,253,1
25806,682,245,0
25816,409,254,0
25827,676,255,1
25842,405,256,1
25846,294,325,0
25857,676,251,1
25857,677,236,0
25861,290,319,0
25863,287,347,0
25882,303,237,1
25894,280,313,1
25898,599,392,1
25903,675,254,1
25909,610,411,1
25909,677,254,1
25910,677,232,0
25918,1163,251,0
25928,1162,266,1
25936,630,410,0
25946,683,237,0
25957,408,254,0
25960,612,445,0
25966,283,320,0
25974,676,241,0
25980,683,236,0
25983,682,254,1
25997,300,328,0
25999,515,306,1
26008,1127,521,0
26010,286,307,0
26014,300,333,0
26019,123,515,0
26020,615,422,0
26022,294,294,0
26029,629,425,1
26073,614,451,1
26074,635,411,1
26074,1049,432,0
26094,324,124,0
26094,359,251,1
26100,858,586,0
26101,681,253,1
26108,1162,267,1
26108,174,212,0
26116,633,390,1
26117,303,238,1
26117,592,399,0
26137,293,311,0
26148,876,565,0
26159,581,149,0
26171,627,451,1
26192,678,237,0
26196,394,247,1
26210,405,244,0
26228,409,252,0
26243,296,331,0
26251,910,310,1
26260,300,332,0
26273,197,238,0
26279,1055,313,0
26310,298,327,0
26315,284,308,1
26317,630,430,1
26319,609,449,0
26320,303,239,1
26325,624,382,0
26328,360,253,1
26336,445,421,0
26341,592,412,0
26346,300,335,0
26364,601,396,0
26403,621,447,1
26414,281,310,1
26415,625,445,0
26435,680,252,1
26438,910,311,1
26464,678,233,1
26478,293,325,1
26483,290,321,0
26502,552,293,0
26503,681,255,1
26504,76,601,0
26510,676,236,1
26512,675,251,1
26523,679,235,1
26528,286,309,0
26545,112,229,1
26554,680,251,1
26555,675,252,1
26562,289,323,0
26567,530,332,0
26588,303,240,1
26591,871,226,1
26596,448,334,0
26598,614,434,0
26625,507,321,0
26630,158,249,0
26632,282,322,1
26636,938,683,0
26646,396,261,0
26648,608,450,0
26649,389,288,0
26649,291,318,0
26651,589,406,0
26656,948,497,0
26657,291,295,0
26659,817,286,0
26665,782,296,1
26669,291,317,0
26684,625,454,1
26694,608,413,1
26711,286,311,0
26715,180,233,0
26724,612,399,1
26724,283,307,1
26726,610,454,0
26731,409,249,0
26733,293,323,1
26737,953,502,0
26743,392,261,1
26747,679,254,0
26779,658,44,0
26791,675,245,1
26795,675,235,1
26816,628,407,1
26821,398,245,1
26822,291,493,0
26840,910,312,1
26854,117,147,0
26861,593,398,0
26863,389,248,1
26865,614,455,1
26875,408,255,0
26875,633,419,1
26880,396,242,1
26884,770,691,0
26894,303,241,1
26895,284,327,1
26901,303,234,0
26907,292,295,0
26934,599,398,0
26944,1162,269,1
26952,515,309,1
26956,443,409,0
26965,293,297,1
26970,297,301,0
26983,292,312,0
27003,406,249,0
27020,401,61,0
27022,299,305,0
27026,288,328,0
27026,610,444,1
27030,608,448,0
27049,679,256,0
27053,611,397,1
27053,685,239,1
27057,178,235,1
27062,497,200,0
27066,304,230,0
27067,910,313,1
27072,249,184,1
27081,911,306,0
27102,604,434,1
27102,679,248,1
27104,679,231,1
27107,286,297,1
27110,680,231,1
27116,174,228,1
27117,303,242,1
27130,293,327,1
27149,680,255,0
27150,296,302,0
27153,617,449,1
27159,659,703,0
27170,358,259,0
27224,177,210,1
27225,1162,270,1
27261,676,250,0
27268,764,630,0
27272,592,411,0
27281,233,225,0
27283,177,208,1
27293,600,426,0
27294,384,245,0
27298,706,137,0
27311,629,396,0
27322,1051,460,0
27325,284,301,1
27337,628,408,1
27342,676,257,0
27349,302,329,1
27360,790,632,0
27364,677,257,0
27369,678,257,0
27369,181,210,1
27372,604,437,1
27378,677,258,0
27384,508,320,0
27388,303,237,0
27400,300,334,0
27406,678,258,0
27408,181,211,1
27424,609,452,0
27429,682,233,1
27447,304,231,0
27448,324,124,0
27449,1264,426,1
27452,614,432,0
27454,676,251,0
27458,1253,173,0
27459,1186,167,0
27461,433,206,1
27463,24,7,0
27464,591,417,0
27465,675,254,0
27475,290,296,0
27488,618,451,0
27502,179,212,1
27522,1055,313,0
27527,628,435,1
27532,592,401,0
27573,303,243,1
27576,676,256,0
27577,612,446,0
27579,249,185,1
27580,677,251,0
27581,1205,665,0
27582,612,448,0
27584,179,214,1
27596,681,252,0
27599,291,316,0
27602,302,243,1
27607,858,586,0
27607,297,310,0
27619,295,327,0
27623,182,210,1
27624,512,296,0
27630,676,255,0
27631,679,253,0
27631,506,324,1
27639,302,244,1
27657,174,212,1
27660,338,421,0
27660,632,407,1
27661,625,447,0
27663,406,243,0
27672,290,322,0
27675,595,382,0
27678,609,417,1
27679,290,323,0
27685,1104,168,0
27697,611,406,1
27707,678,253,0
27717,1017,671,0
27727,408,252,0
27740,281,325,1
27745,594,412,0
27756,911,308,0
27757,1264,427,1
27783,876,565,0
27785,358,252,1
27792,675,257,0
27810,593,383,0
27823,618,435,0
27824,682,254,0
27829,604,435,1
27847,619,450,0
27855,826,460,0
27859,911,307,0
27866,174,211,1
27870,359,261,0
27873,909,315,1
27883,679,257,0
27887,405,263,1
27895,303,239,0
27896,123,515,0
27907,174,210,1
27910,249,186,1
27915,1182,430,0
27916,614,440,0
27926,617,424,0
27933,609,418,1
27941,296,301,0
27946,607,422,1
27949,303,305,0
27955,284,306,1
27955,595,393,0
27962,154,245,0
27968,681,257,0
27971,304,303,0
27991,298,303,0
27999,814,76,0
28026,292,335,0
28027,389,288,0
28040,302,245,1
28055,397,246,1
28055,817,286,0
28060,177,209,1
28070,288,331,0
28090,298,305,0
28093,1264,428,1
28096,292,315,0
28101,117,147,0
28107,358,250,1
28110,175,213,1
28117,302,246,1
28119,675,256,0
28119,678,233,0
28134,682,253,0
28138,682,255,0
28144,303,236,0
28157,299,320,1
28162,434,193,0
28168,675,245,0
28169,593,412,0
28173,1123,209,0
28176,410,251,0
28177,909,316,1
28178,530,332,0
28178,673,236,0
28183,178,233,1
28186,181,215,1
28186,614,420,0
28189,1003,359,0
28196,681,253,0
28197,306,515,0
28201,291,320,0
28203,613,428,0
28208,179,210,1
28211,892,567,0
28211,624,446,0
28216,362,257,1
28217,295,301,0
28223,409,251,0
28243,593,421,0
28245,684,176,0
28259,291,334,0
28286,683,237,0
28291,358,251,1
28292,180,211,1
28298,408,251,0
28302,401,61,0
28305,409,250,0
28306,181,214,1
28308,404,261,1
28312,677,253,0
28325,178,210,1
28329,581,149,0
28331,292,313,0
28336,597,383,0
28350,814,255,0
28351,604,399,0
28356,180,209,1
28359,596,380,0
28365,407,249,0
28366,304,225,0
28368,179,209,1
28372,681,234,0
28377,177,216,1
28388,675,235,0
28395,302,247,1
28397,910,310,0
28399,1102,588,0
28407,176,215,1
28424,448,334,0
28439,508,293,1
28442,407,252,0
28459,615,417,0
28463,177,215,1
28464,179,234,0
28465,622,412,0
28470,181,213,1
28478,909,317,1
28479,249,187,1
28489,415,674,0
28499,682,245,0
28510,794,293,0
28512,679,248,0
28518,1162,266,0
28528,303,238,0
28535,294,330,0
28539,676,236,0
28549,674,246,0
28551,681,245,0
28553,679,234,0
28553,679,254,0
28571,679,235,0
28574,616,423,0
28578,683,246,0
28587,285,301,1
28598,387,260,0
28603,292,314,0
28606,496,402,0
28608,608,412,1
28614,1178,422,0
28622,497,200,0
28634,288,298,1
28644,508,319,0
28658,445,421,0
28672,624,381,0
28681,298,302,0
28683,302,248,1
28689,609,453,0
28690,682,235,0
28696,179,208,1
28700,407,250,0
28700,871,226,0
28703,677,240,0
28713,406,248,0
28718,358,260,0
28721,179,215,1
28722,681,248,0
28722,612,447,0
28739,408,249,0
28753,621,437,1
28755,302,249,1
28760,953,502,0
28776,1178,423,0
28785,678,253,1
28792,687,546,0
28792,611,448,0
28793,679,253,1
28799,324,124,0
28801,1055,313,0
28803,303,240,0
28808,598,397,0
28812,181,209,1
28815,286,314,0
28816,680,236,0
28819,1187,305,0
28831,611,398,1
28832,407,251,0
28847,682,234,0
28857,608,414,1
28875,303,242,0
28876,299,327,0
28882,599,426,0
28886,129,25,1
28886,623,381,0
28906,249,188,1
28923,790,632,0
28923,514,313,1
28932,291,493,0
28938,910,313,0
28945,677,232,0
28952,408,250,0
28957,303,235,0
28965,175,208,1
28966,706,137,0
28971,676,241,0
28974,683,236,0
28981,182,209,1
28981,1191,157,0
28983,178,215,1
29001,395,247,1
29003,409,255,0
29015,676,250,0
29028,681,252,1
29034,293,298,1
29051,261,155,0
29056,626,430,1
29060,1162,258,0
29062,1051,460,0
29071,610,408,1
29074,409,259,1
29076,302,250,1
29098,405,243,0
29100,175,209,1
29103,632,401,0
29105,357,259,0
29107,858,586,0
29110,677,250,0
29115,678,236,0
29123,303,237,0
29131,407,248,0
29138,678,250,0
29142,295,322,0
29150,677,257,1
29166,684,238,0
29172,282,320,1
29179,293,320,0
29195,679,256,1
29196,396,256,0
29196,594,388,0
29204,301,333,0
29207,676,257,1
29207,678,257,1
29218,678,258,1
29218,679,258,1
29219,680,255,1
29249,677,258,1
29249,659,703,0
29251,908,319,1
29256,611,399,1
29264,409,256,0
29269,612,444,0
29270,405,261,1
29276,680,258,1
29278,948,497,0
29288,682,255,1
29308,117,147,0
29316,302,251,1
29325,295,329,0
29334,301,331,0
29345,613,451,1
29351,658,44,0
29387,288,308,1
29388,676,254,1
29394,509,319,0
29399,599,430,0
29404,676,253,1
29405,579,71,0
29413,178,230,0
29426,409,253,0
29429,300,308,0
29433,293,310,0
29434,676,256,1
29438,629,383,1
29439,676,255,1
29443,282,323,1
29446,552,293,0
29447,676,251,1
29466,629,386,1
29475,389,288,0
29480,677,254,1
29488,286,310,0
29489,908,320,1
29491,876,565,0
29493,294,308,0
29496,295,311,0
29500,392,260,1
29501,249,189,1
29509,616,416,0
29513,764,630,0
29515,179,233,0
29519,289,309,1
29527,181,211,0
29533,177,210,0
29544,294,295,0
29548,679,235,1
29553,622,447,1
29556,678,233,1
29558,1278,58,0
29577,1009,651,0
29581,359,252,1
29581,397,257,0
29588,181,210,0
29589,602,421,1
29594,682,254,1
29597,293,309,0
29603,295,324,0
29618,401,61,0
29631,295,328,0
29642,675,245,1
29642,181,213,0
29645,589,405,0
29649,293,312,0
29653,616,443,0
29656,443,409,0
29656,302,252,1
29676,288,319,1
29678,507,311,0
29684,290,325,0
29684,129,28,1
29704,289,308,1
29709,621,386,0
29724,24,7,0
29726,406,244,0
29751,174,211,0
29758,617,444,0
29759,177,208,0
29779,180,209,0
29785,295,302,0
29788,179,214,0
29798,286,312,0
29811,620,431,1
29812,182,210,0
29815,675,235,1
29819,177,209,0
29822,1162,267,0
29833,290,324,0
29853,395,245,1
29857,908,321,1
29860,530,332,0
29879,123,515,0
29904,174,212,0
29914,617,441,0
29942,624,445,0
29944,291,315,0
29957,1104,168,0
29959,299,307,0
29960,289,295,1
29969,685,239,1
29972,179,212,0
29983,683,237,1
29987,178,210,0
29988,302,253,1
29988,301,253,1
